date	sessions	users	bounceRate	newusers	buyToDetailRate	pageviews	avgTimeOnPage	transactions
2015-04-12	183425	141770	0.2363854436	71251	0.01987089576	1929246	34.00822994	3776
2015-04-13	145059	111565	0.2879931614	54199	0.005377947104	1047444	35.61085072	487
2015-04-14	117289	89398	0.2897202636	49571	0.003360333716	955732	31.83394697	244
2015-04-15	113879	92443	0.272728071	44821	0.005675659927	939411	33.12856724	244
2015-04-16	114123	91712	0.2998957265	49084	0.005392447252	959751	31.71398914	487
2015-04-17	125450	105353	0.2864089279	52250	0.0007129374777	1003476	32.05064712	122
2015-04-18	98898	77340	0.3140407288	41167	0.00888505342	851962	32.50070757	731
2015-04-19	99507	77828	0.2998784005	42020	0.004773831043	973271	30.97891669	487
2015-04-20	123136	101578	0.3095926455	48231	0.002639265991	965354	32.99073591	487
2015-04-21	98776	77462	0.2946970924	42385	0.0236172323	752577	31.38563438	731
2015-04-22	114123	95244	0.277481314	47988	0.001925979083	962065	32.68484938	365
2015-04-23	103161	82090	0.2573743954	43725	0.004055295857	816885	36.39171334	609
2015-04-24	124719	104379	0.2529285835	53225	0.01881512815	974732	34.75558705	1218
2015-04-25	112905	86840	0.267525796	46770	0.007836211484	964988	33.88776648	974
2015-04-26	126302	99264	0.3288308974	58462	0.007672268186	993367	37.51718975	974
2015-04-27	140187	114366	0.3188526754	65283	0.005063969579	1122836	34.4233329	609
2015-04-28	117411	95366	0.2811235745	56757	0.009790921632	911033	34.12659931	853
2015-04-29	151636	126668	0.3349402517	73930	0.00262195877	1056092	33.5510351	244
2015-04-30	118142	94514	0.3103130132	55782	0.003579215864	935027	38.1071631	609
2015-05-01	152367	126546	0.3029593022	72103	0.01425026729	1363992	34.49817481	1583
2015-05-02	117046	91225	0.3361071715	52616	0.01438239402	1008348	33.04482095	1340
2015-05-03	131296	103405	0.301486717	60654	0.01590420005	1052194	32.16880327	1340
2015-05-04	133732	109007	0.3205814614	64552	0.00992099047	993367	34.39940789	853
2015-05-05	131174	102187	0.3556192538	65404	0.006630992743	918341	33.06589453	731
2015-05-06	156386	125815	0.3255470439	69911	0.006946638582	1184221	31.66062744	853
2015-05-07	115706	95975	0.3452629941	56513	0	841731	35.67350183	0
2015-05-08	180989	142136	0.2496615816	70642	0.03764736565	2130209	36.162146	5237
2015-05-09	112174	86475	0.2464742275	44090	0.03710186694	1157061	35.79999464	2071
2015-05-10	128007	100847	0.2645089722	52981	0.01979263994	1262292	32.69783344	1583
2015-05-11	109251	83308	0.261983872	44943	0.00695413822	880462	37.48058832	853
2015-05-12	140918	109251	0.2783036943	58340	0.003602420543	1010297	33.07866674	365
2015-05-13	100969	82334	0.2689934534	45186	0.0008524910908	806897	35.73468116	122
2015-05-14	130931	102917	0.30232718	52494	0.003373942527	970347	32.75171185	365
2015-05-15	113027	91956	0.3114211649	55174	0.01225142244	934174	36.13497161	853
2015-05-16	108885	85866	0.2841162695	43968	0.005497267478	810551	35.66246986	731
2015-05-17	104135	84648	0.2994190234	46770	0.01060396162	775474	32.89284119	609
2015-05-18	154924	129104	0.3128953551	58340	0.008920470875	1134772	37.77572505	609
2015-05-19	130200	105962	0.2993471582	51763	0.00396523098	895443	38.53698756	487
2015-05-20	133732	108398	0.322406006	54930	0.0007014558083	975463	34.55998056	122
2015-05-21	95001	77219	0.3128177598	39462	0.01099588089	744660	38.07330615	853
2015-05-22	116559	97071	0.3260151511	50180	0.01379565951	903238	39.53413755	731
2015-05-23	99751	75026	0.3040270273	40314	0.01299931302	808724	36.0046407	609
2015-05-24	92078	73808	0.2843893221	38975	0.00953383801	785461	35.5781804	609
2015-05-25	142988	113270	0.2930175959	59071	0.01562269853	1061816	36.11069494	853
2015-05-26	103648	84161	0.2843759648	47988	0.006755757187	863289	32.83312477	609
2015-05-27	115828	95244	0.287063577	51032	0.01430680776	950373	34.57075021	1218
2015-05-28	91712	72469	0.2735737962	41289	0.01083502796	758301	36.52967271	974
2015-05-29	100969	82212	0.3160474997	41532	0.01853480349	666710	38.81858683	853
2015-05-30	82943	65039	0.3215822915	36052	0.005991052051	620063	36.8956783	487
2015-05-31	91347	72956	0.3053302243	39705	0.008578316271	693506	34.60738277	609
2015-06-01	89155	68815	0.3182995906	38853	0.001987456219	646614	37.76965324	244
2015-06-02	122283	102187	0.3824734428	57975	0.00478998755	795692	32.9007171	609
2015-06-03	88911	73686	0.3383608327	44334	0.003768028065	698256	34.47169502	487
2015-06-04	104623	87937	0.3213060226	45186	0.0095799751	705442	35.69155216	731
2015-06-05	83796	68571	0.2950618168	38731	0.01040184416	662569	36.33361848	609
2015-06-06	90981	76610	0.2838065091	38487	0.006382037128	773404	37.29960266	609
2015-06-07	56391	46404	0.2699721587	23872	0.01310989972	415080	36.84004249	244
2015-06-08	48718	37270	0.1275093395	19853	0.01463041817	328849	61.58469046	487
2015-06-09	111565	90373	0.1593869045	41654	0.007033405063	592293	70.09282228	365
2015-06-10	94026	74783	0.1476719205	38609	0.01276736458	560261	74.39192632	731
2015-06-11	91590	73078	0.1515995196	33494	0.01366539759	505331	68.51793871	244
2015-06-12	78802	62359	0.1808329738	29962	0.01146323606	383535	72.84165743	609
2015-06-13	99873	79289	0.2158541348	37148	0.005541931483	522870	69.0941598	609
2015-06-14	89764	69302	0.1804621006	34103	0.007413133053	522626	63.70907163	487
2015-06-15	119116	94270	0.2147234628	44821	0.003962829151	547229	73.74056391	365
2015-06-16	89398	66501	0.1648470883	34590	0.01882127515	480485	67.44047993	974
2015-06-17	111809	89398	0.172114946	41532	0.03188400624	602768	65.14946859	1096
2015-06-18	133610	105597	0.1485891775	55417	0.01967636921	785949	70.07538563	1462
2015-06-19	123988	95244	0.1777994645	45186	0.01889231278	687781	67.65147496	1462
2015-06-20	90981	68693	0.1874127565	32519	0.01201571412	468183	67.75526083	731
2015-06-21	89764	70154	0.1506060336	36539	0.01102264845	505331	73.70321439	853
2015-06-22	137020	111687	0.163552766	56148	0.01612207691	830039	67.86834143	1340
2015-06-23	108520	86597	0.170595282	45673	0.01048987185	632608	72.1737951	1096
2015-06-24	217649	169662	0.1102417195	83430	0.01890034364	1228920	73.89864267	2558
2015-06-25	166739	131418	0.2045292343	70154	0.01318398048	881071	66.28199435	1462
2015-06-26	171367	139456	0.132907736	71494	0.01329125527	926379	70.66503974	1340
2015-06-27	149078	112296	0.1421537719	51520	0.01513062991	855981	68.74998166	1096
2015-06-28	132027	98898	0.1319199861	45308	0.02601706757	713845	75.34237891	1583
2015-06-29	169296	134828	0.1352542293	61263	0.01454842476	920898	69.24283607	1705
2015-06-30	130200	102309	0.1655760369	51398	0.02243173284	755865	68.18655059	1827
2015-07-01	210585	162476	0.1289740485	72956	0.0151577847	1208702	74.48726954	1583
2015-07-02	160771	125572	0.1575781702	63212	0.01470638967	960360	69.36581916	2192
2015-07-03	175508	136290	0.1339369146	60411	0.01729676721	993976	68.44149304	2192
2015-07-04	134463	105719	0.1458319389	49936	0.01417858637	789237	68.82998346	1340
2015-07-05	141770	108033	0.1348804401	53225	0.009368722486	828577	72.24421931	1462
2015-07-06	187809	147617	0.1342427679	65404	0.009091796426	1073265	67.0591701	1827
2015-07-07	153585	116680	0.152260963	58340	0.007410007958	804583	69.46938095	1340
2015-07-08	182816	142745	0.1432369158	68815	0.01020903372	953905	77.26762944	1218
2015-07-09	146520	112418	0.1504572755	52738	0.003680261631	821391	65.52200078	487
2015-07-10	166982	135437	0.1334814531	62725	0.01778759215	943065	66.23759725	2071
2015-07-11	122770	95975	0.1557546632	42385	0.005130796206	646980	72.78500272	609
2015-07-12	142745	109982	0.1510245543	50545	0.009925881859	838686	74.09555993	1827
2015-07-13	180258	139578	0.1506729244	60289	0.01244338498	925527	66.77177877	1218
2015-07-14	131661	100360	0.1822407547	48231	0.006983464441	671948	74.38463712	731
2015-07-15	173681	136168	0.1654988168	58584	0.009398825018	814449	73.28075931	1462
2015-07-16	136046	104988	0.1692001235	52494	0.01203384118	717499	72.57224521	1462
2015-07-17	174655	137142	0.152019696	56513	0.02162238929	871936	76.47489874	2436
2015-07-18	108155	77949	0.1328833618	38487	0.01764649062	680352	71.69865547	2071
2015-07-19	147008	112418	0.1259319221	46770	0.01009952083	814814	73.94171525	1462
2015-07-20	166008	132514	0.148203701	59071	0.004206725578	830282	73.03320885	731
2015-07-21	120700	96706	0.1564043082	47622	0.01466770161	647589	68.07165453	1096
2015-07-22	155046	122527	0.1217574139	59315	0.01051696776	891789	68.77009625	853
2015-07-23	130443	104257	0.1503261961	52616	0.006985424443	692653	69.25677451	853
2015-07-24	148347	118751	0.1551699731	53225	0.005455718202	795936	76.7602219	853
2015-07-25	109373	83674	0.1748329112	42263	0.03192451347	576582	74.39609091	1705
2015-07-26	106450	81360	0.1475998121	40314	0.01444404908	591806	68.46561884	974
2015-07-27	167104	130687	0.1457714956	56026	0.003201135378	782538	84.49301487	487
2015-07-28	121065	90616	0.186114897	44334	0.01006180232	612511	70.28175719	731
2015-07-29	151149	120212	0.1442351587	57731	0.01104863319	770481	78.1124595	1583
2015-07-30	115828	88180	0.1472096557	46039	0.01801230865	598992	76.62821431	1705
2015-07-31	144815	114245	0.1396126092	51154	0.01639099094	784243	74.86724907	1218
2015-08-01	95732	73321	0.1539401663	33859	0.006377183563	519825	70.58589259	487
2015-08-02	106815	84039	0.1584983382	38731	0.00876183627	582671	70.11596503	974
2015-08-03	128495	95123	0.158294097	40071	0.02438861581	658916	75.17926516	1583
2015-08-04	117168	86719	0.148649802	41045	0.03522648125	656480	78.07534443	1583
2015-08-05	134584	108642	0.1321256613	48840	0.01334327907	732846	73.94176834	853
2015-08-06	114610	87328	0.20828898	39827	0.005955421281	633826	69.97989243	853
2015-08-07	128007	98655	0.2369167311	47988	0.02895847753	661960	76.07269327	2192
2015-08-08	102430	79046	0.2164112077	38366	0.01454568441	527863	77.66111881	731
2015-08-09	104988	79289	0.2285404046	37879	0.008699570792	596434	67.58954206	731
2015-08-10	124841	93539	0.2341458335	40193	0.01372951493	669268	66.99244586	1462
2015-08-11	97924	74417	0.232588538	34834	0.008766535387	558678	69.12215068	853
2015-08-12	136533	102430	0.1766312906	48718	0.01166151518	759641	74.85935576	1218
2015-08-13	114975	89033	0.2341117634	46161	0.0117146412	592537	77.00426485	1096
2015-08-14	126302	98898	0.2622919669	45917	0.01525935205	612755	71.77162004	1218
2015-08-15	98046	69911	0.2509332354	30449	0.008032393363	515562	76.78253423	731
2015-08-16	97315	70520	0.2152699995	37148	0.0135505978	529568	72.65412174	1218
2015-08-17	135072	101456	0.1974724591	46648	0.0206438431	746730	73.42936036	2436
2015-08-18	109251	79533	0.1761448408	39218	0.00929079817	592293	71.52320181	1096
2015-08-19	138238	108642	0.138326654	48597	0.01106847102	705563	75.49951239	1218
2015-08-20	99629	75148	0.1577050859	36417	0.01957647609	533709	73.82569157	1340
2015-08-21	137020	108277	0.1751131222	47013	0.01665763742	650268	76.90901017	1462
2015-08-22	89764	67110	0.1953901341	32885	0.01462719051	473420	76.05368548	1340
2015-08-23	104379	79654	0.1878634591	41898	0.007847362935	587421	66.92308598	853
2015-08-24	126302	95244	0.1687542557	43968	0.004883914002	643204	72.92950691	609
2015-08-25	103526	77097	0.1788246431	41045	0.007356939996	519825	71.17593278	609
2015-08-26	122039	92443	0.1856291841	44334	0.0139493387	601550	74.5671794	1340
2015-08-27	107424	82578	0.1712001043	42263	0.01204859004	565742	76.00161335	731
2015-08-28	133610	106571	0.155879051	49571	0.03199703311	726756	75.27652403	2436
2015-08-29	83308	64065	0.1593604456	30693	0.004237435551	519825	69.84119065	244
2015-08-30	101212	75026	0.13718729	37026	0.01446991583	601671	71.92241472	1340
2015-08-31	143476	112783	0.121393125	52129	0.02729163554	720666	77.0353295	1462
2015-09-01	95853	75026	0.1473923612	38122	0.009901312046	526889	58.526261	609
2015-09-02	114245	90981	0.1481902928	45186	0.01300388574	641864	64.65379403	974
2015-09-03	96949	73199	0.239950902	36173	0.00811419095	535658	54.92021919	731
2015-09-04	122039	99751	0.2524930555	50302	0.007724374046	672922	57.30743472	731
2015-09-05	85257	66013	0.2671452197	34590	0.007498439656	451010	59.0173496	731
2015-09-06	93539	76122	0.2812516704	39949	0.01424947177	577921	54.19337678	731
2015-09-07	121674	95001	0.2702713809	50058	0.01110427537	574024	62.6892386	609
2015-09-08	95244	74904	0.2429654361	42020	0.002901084926	504235	61.37102077	365
2015-09-09	83065	65892	0.2272678023	37026	0.008188025759	505575	62.54447328	487
2015-09-10	105232	80994	0.2291698343	43725	0.01713301159	515684	68.53647502	487
2015-09-11	94392	76366	0.2503178235	44821	0.009199951659	539190	66.63765965	731
2015-09-12	119604	97315	0.2382863449	47866	0.001392185503	566472	64.86821578	244
2015-09-13	110347	92321	0.2339982057	57853	0.03366480931	566838	63.49425912	1583
2015-09-14	119360	99385	0.2346933646	52007	0.003457928536	590953	64.28229391	487
2015-09-15	99385	78193	0.2463248981	41289	0.02128048151	500825	67.16158879	974
2015-09-16	105232	82821	0.2719895089	43847	0.007928355445	527011	66.05088219	731
2015-09-17	85866	70520	0.2510656139	39827	0.006812547762	420439	68.70290425	244
2015-09-18	110712	90738	0.3047275815	50058	0.01812424034	487183	60.79924921	1340
2015-09-19	82090	65039	0.2433304909	36295	0.01128707917	440779	65.45213862	609
2015-09-20	98411	73930	0.2957901048	41045	0.01285570426	492786	65.97109389	609
2015-09-21	124963	99873	0.2836279539	50423	0.009560589648	553319	65.87059926	1096
2015-09-22	106571	85257	0.2434339548	46161	0.01205186754	523235	61.68380373	974
2015-09-23	126546	106693	0.234839505	55782	0.006523380804	646371	59.5316496	731
2015-09-24	101700	80994	0.2491052114	47622	0.003355889816	469036	61.75738928	244
2015-09-25	118142	94392	0.2711313504	47988	0.004355537755	570370	64.27338792	609
2015-09-26	94392	75026	0.2335473345	44212	0.01182627828	512639	62.5506276	487
2015-09-27	119725	95001	0.2339778659	57975	0.002884326648	573780	65.43226531	365
2015-09-28	129713	104135	0.3164293479	59315	0.008604808569	612268	64.81299211	731
2015-09-29	114366	92930	0.272633475	57731	0.003435141426	580601	61.80576266	365
2015-09-30	146764	121309	0.2323662479	65648	0.005473632154	681082	65.01068684	487
2015-10-01	119604	95732	0.2881843417	57488	0.00294673276	529203	63.89895904	365
2015-10-02	145790	121674	0.2648261198	65283	0.0007232329699	651121	62.48838573	122
2015-10-03	114732	90007	0.3205905937	51154	0.006154223543	516780	57.26658991	244
2015-10-04	119116	92930	0.2597132207	54808	0.001636727082	598505	59.34247911	122
2015-10-05	97437	73199	0.2287529378	41898	0.002840577454	492055	62.13585747	365
2015-10-06	125328	101943	0.2575322354	52738	0.004351771793	607639	68.32817753	365
2015-10-07	99264	78680	0.2527603159	46891	0.005476618705	463433	67.89225541	365
2015-10-08	107546	84526	0.248014803	50545	0.007879733412	557094	63.07286781	365
2015-10-09	130078	100116	0.2387644336	50667	0.01049722487	683031	65.19467221	853
2015-10-10	114366	90616	0.214058374	41898	0.02560086783	605569	59.77736532	1218
2015-10-11	125206	96341	0.2247096784	53712	0.01076812146	602889	62.2562652	609
2015-10-12	137995	110347	0.2515453458	54077	0.008502322276	644544	67.09055513	731
2015-10-13	101943	79046	0.2437244342	44455	0.0008991679012	494126	67.38044676	122
2015-10-14	108520	83065	0.2345650571	44455	0.008730336575	484626	68.60813732	731
2015-10-15	99264	81116	0.242948098	43359	0.004393958533	479997	65.98981944	487
2015-10-16	123623	99994	0.2335002386	52981	0.0007850152177	586569	67.83597159	122
2015-10-17	85379	68206	0.2025673761	36295	0	486087	61.10404575	0
2015-10-18	102674	80751	0.2182636305	46282	0.01322801124	573780	64.6048709	609
2015-10-19	162354	127277	0.1702945416	56879	0.01301501303	832840	70.58698263	1340
2015-10-20	109007	87571	0.2402231049	45064	0.01774517139	569883	62.39687008	1462
2015-10-21	121430	99994	0.2316972741	45552	0.007984031936	591684	68.93800121	853
2015-10-22	96584	77462	0.2206783732	38975	0.008295645212	510690	67.11127263	609
2015-10-23	111687	91834	0.2311907384	45552	0.007339842756	555998	65.71933518	487
2015-10-24	89764	68206	0.1791029812	34834	0.004590701708	430792	74.33571217	244
2015-10-25	110834	81847	0.197800314	42385	0.006616679345	599723	65.78500178	609
2015-10-26	149809	123988	0.2040665114	57366	0.004695831606	735647	66.97804416	609
2015-10-27	101212	79289	0.2250326048	42507	0.01092198679	549177	68.78414096	853
2015-10-28	130200	106571	0.2226344086	48475	0.008327675724	632608	67.54725869	1462
2015-10-29	91956	71738	0.2370807778	38487	0.007998832287	472933	64.77727432	487
2015-10-30	140065	111321	0.1982579517	53712	0.02423341153	694236	68.21420311	2680
2015-10-31	87937	66013	0.2119130741	32885	0.01283194853	492542	68.04191659	1218
2015-11-01	106815	78680	0.2200720873	41654	0.01334682409	577678	69.19156803	1096
2015-11-02	133732	107668	0.1794185386	50180	0.004960908651	662326	69.67144793	974
2015-11-03	96949	76488	0.2173410762	40314	0.01962895417	484138	69.12411902	1218
2015-11-04	130687	104744	0.208758331	50180	0.0137181935	698621	65.42563498	1096
2015-11-05	94270	72590	0.2390155935	40193	0.01109505186	518972	61.52713817	974
2015-11-06	122405	91834	0.2218863609	47866	0.004113674733	567081	70.3388779	122
2015-11-07	89276	68936	0.2237443434	38000	0.003768620623	459901	68.37341407	365
2015-11-08	106084	81481	0.210107085	46282	0.005754725892	548812	64.14174856	609
2015-11-09	102674	81238	0.257416678	47135	0.01081291539	542966	64.80719826	609
2015-11-10	105232	86597	0.2465314733	48231	0.007412417151	591806	59.3618606	609
2015-11-11	110712	87206	0.2420243515	45795	0.007112616427	624934	61.76881072	487
2015-11-12	115219	91712	0.2589850632	46648	0.01110427537	539677	56.41265188	731
2015-11-13	118629	93174	0.2895244839	49571	0.005125400531	552831	62.94464941	244
2015-11-14	91103	71981	0.2620330834	38244	0.006193865447	444798	57.88092708	244
2015-11-15	106937	79776	0.2551221747	42141	0.01136272759	564037	59.65489727	609
2015-11-16	95610	73930	0.2445873863	39340	0.0108074975	489254	54.78101717	609
2015-11-17	95366	74052	0.2337206132	39462	0.02339784424	426285	58.93993546	731
2015-11-18	98046	77706	0.231054811	39827	0.006213080617	484138	61.92974287	365
2015-11-19	103648	82212	0.2526435628	42750	0.00581011803	473786	57.49775625	487
2015-11-20	104379	79776	0.2602055969	42994	0.01184871007	416176	62.55907611	487
2015-11-21	101091	77584	0.2313262308	43116	0.02118192688	522748	58.18081925	974
2015-11-22	129591	99020	0.2471776589	56635	0.009994736015	651364	54.73972354	731
2015-11-23	118264	96097	0.2327504566	56757	0.01535358629	542966	58.92651906	974
2015-11-24	147373	120700	0.2669417057	64430	0.007616158141	636018	60.92739223	487
2015-11-25	123745	96097	0.2913410643	61507	0.004849807282	554780	58.43911649	487
2015-11-26	308631	235431	0.1692960202	124597	0.02607696955	2151767	60.39627282	6821
2015-11-27	333599	249925	0.1814543809	139456	0.02528243612	2370634	55.19179081	8648
2015-11-28	230438	171245	0.2230448103	96341	0.03152372667	1515627	58.13680691	6699
2015-11-29	285246	219111	0.1827510289	121187	0.02870430555	1885887	54.8402131	8282
2015-11-30	249681	198162	0.1814635475	106937	0.0281820503	1715738	55.75843291	7795
2015-12-01	185617	146642	0.2795271985	74052	0.01269984139	816885	54.19351914	974
2015-12-02	138238	105841	0.2960329287	61385	0.01166708749	660986	50.62270644	974
2015-12-03	126668	100603	0.2653866801	61263	0.003535364535	562819	52.7629955	487
2015-12-04	149078	123623	0.2598035928	69302	0.005865606777	686320	57.09333457	487
2015-12-05	122648	93905	0.2810318962	57488	0.00628680508	564646	51.95519315	487
2015-12-06	151392	113757	0.2944475269	75879	0.005523287813	636018	53.56855852	609
2015-12-07	175508	141892	0.2643982041	85866	0.017982364	798859	56.83522717	2192
2015-12-08	144572	113392	0.2561076834	72469	0.004502506868	683031	56.65981258	609
2015-12-09	172219	139456	0.2765200123	80263	0.01122961068	755987	54.36489261	974
2015-12-10	139700	105597	0.2685254116	71007	0.012318836	650268	52.08839498	1096
2015-12-11	150052	118264	0.2629888305	71494	0.01630845201	730897	53.61352648	2192
2015-12-12	140065	112661	0.2773926391	65892	0.005240503605	721153	52.11089106	974
2015-12-13	167469	131540	0.2421821352	84405	0.009885960599	833693	55.61647899	1218
2015-12-14	185130	144206	0.2368443796	85622	0.01163507143	871449	57.17719337	1949
2015-12-15	151149	115341	0.2731675367	73321	0.01180824011	719935	60.98809307	1462
2015-12-16	205591	165399	0.2417080514	91103	0.02574993465	1054387	59.176242	2680
2015-12-17	147617	116071	0.2434001504	71738	0.02577403733	750262	57.39570428	2192
2015-12-18	165642	133123	0.2617633209	76853	0.01065562215	789237	55.56406969	1218
2015-12-19	163450	128495	0.2548424595	75270	0.01345999761	918584	62.20222109	1705
2015-12-20	158456	122648	0.284394406	71129	0.01174953286	821635	50.72655247	1218
2015-12-21	177700	140796	0.252228475	86962	0.01376512271	885578	59.36881801	1827
2015-12-22	152976	121065	0.2539810166	71251	0.01600296174	771089	59.84532644	1827
2015-12-23	117289	92321	0.2554544757	56270	0.02522319943	599114	51.23041245	1705
2015-12-24	112539	87571	0.3203511672	51520	0.03853785365	532857	57.28874052	1218
2015-12-25	114610	88667	0.2678038566	49449	0.01384647869	549786	55.53959855	853
2015-12-26	229342	176969	0.1927775985	85866	0.01299073614	1274715	61.28610685	1218
2015-12-27	173194	136533	0.2278485398	67840	0.009899514508	948668	57.26079578	1462
2015-12-28	232995	174533	0.2038670358	83308	0.01057725713	1332447	58.0941434	1949
2015-12-29	157360	119482	0.2298741739	60289	0.008635787437	895078	58.49566828	1949
2015-12-30	190123	146520	0.2286993157	67353	0.009805715122	1098477	58.14514487	974
2015-12-31	93905	74904	0.286640754	35808	0.02087806991	498389	54.98967654	1462
2016-01-01	142136	106571	0.2382155119	46161	0.00651912115	719570	57.82362879	1096
2016-01-02	160892	117046	0.2066603684	56513	0.01032549814	851597	58.43053517	974
2016-01-03	154437	115219	0.2302816035	60654	0.003751214857	894469	53.42832513	731
2016-01-04	211438	164181	0.2108277604	75879	0.02541729388	1047931	63.08503276	2071
2016-01-05	166860	130565	0.2043809181	66013	0.00709451889	911764	63.49014023	974
2016-01-06	292432	217040	0.1778430541	104988	0.007905119334	1707700	62.79965417	2436
2016-01-07	251508	190367	0.1704597866	93905	0.01331466952	1339511	70.44765624	1827
2016-01-08	286586	229220	0.176369397	122283	0.004650472048	1565929	62.78319198	1096
2016-01-09	278304	228611	0.1658653846	129956	0.005511024016	1543275	61.53700028	2314
2016-01-10	264053	200963	0.1895755776	117046	0.007621679134	1380678	62.61705259	1462
2016-01-11	262470	212534	0.187008039	101943	0.003086988574	1401992	62.6880392	853
2016-01-12	194021	159187	0.1996227213	81116	0.00885377103	1026495	65.09031985	1218
2016-01-13	271483	221181	0.2009886439	105353	0.009017220031	1361799	64.19496031	2071
2016-01-14	160527	126789	0.2147177733	60167	0.005479093578	869135	64.09766435	853
2016-01-15	189271	153219	0.184682281	72225	0.005715544258	933200	68.17266727	853
2016-01-16	202790	160892	0.1963952858	82334	0.001969698195	919071	68.73544448	487
2016-01-17	193777	152488	0.1973608839	83065	0.01107431717	987643	70.01428428	974
2016-01-18	227880	184764	0.1881341057	87937	0.00525775627	1084836	66.57181356	853
2016-01-19	181354	148347	0.2149111682	81116	0.003460404306	1005790	57.19169106	731
2016-01-20	233604	188175	0.2179371929	90860	0.004777251726	1118817	68.78842852	974
2016-01-21	158456	124475	0.2298240521	66379	0.0114329643	881680	58.35160469	1340
2016-01-22	199380	163572	0.2174691544	76853	0.01066628716	949764	60.23916295	1583
2016-01-23	148469	118386	0.2141120369	61142	0.006615781107	768654	62.95850094	974
2016-01-24	174046	137508	0.2547257622	74052	0.009317203309	817494	65.26978374	974
2016-01-25	182085	146399	0.2454842519	72712	0.01412662405	863289	66.56470923	1583
2016-01-26	148713	116071	0.2604412526	61263	0.01308560379	746609	63.0066371	1340
2016-01-27	199623	164668	0.2318470317	75026	0.009138515248	919924	74.6226359	1096
2016-01-28	144328	111200	0.229532731	57244	0.01087108092	706659	67.27918079	1096
2016-01-29	177700	145424	0.2124760833	63456	0.009727697077	974367	60.9734072	1462
2016-01-30	119847	87571	0.2550835649	44212	0.01004723907	662813	61.41993373	1218
2016-01-31	144206	107546	0.2770273082	55904	0.01527054654	700813	62.34149541	2071
2016-02-01	148104	121065	0.2409523038	58706	0.01410884518	785583	62.60086129	2192
2016-02-02	111443	86231	0.2601060632	44943	0.008915739607	601671	59.52583648	609
2016-02-03	199258	161745	0.2047696956	68084	0.02019138258	1072534	63.8308676	2680
2016-02-04	129469	101334	0.2464759904	52981	0.007310300432	693018	59.76435193	1096
2016-02-05	124232	100847	0.2803947453	49327	0.009395181732	644300	65.25766677	974
2016-02-06	117533	89764	0.2487046191	46039	0.006641096023	654044	56.42893063	487
2016-02-07	134463	100238	0.2182979704	54077	0.005202991453	735647	61.82715767	609
2016-02-08	165399	130809	0.2326918542	61020	0.005133297113	792769	63.25456706	974
2016-02-09	142988	110834	0.2546857079	52129	0.01900727404	689608	58.78960639	1827
2016-02-10	121065	94635	0.237426176	45673	0.01774372123	628223	61.06426964	1096
2016-02-11	152854	124719	0.2310767137	64674	0.01065562215	754647	63.2898136	1096
2016-02-12	164181	131783	0.1906554352	59558	0.006792100393	911642	60.8452571	1705
2016-02-13	131418	101456	0.2029630644	48109	0.008507276362	789115	59.77234359	1583
2016-02-14	129225	98289	0.203582898	47135	0.01153854434	806167	58.35412549	1705
2016-02-15	146886	118020	0.2031507428	55295	0.01297951608	769628	58.35080198	1827
2016-02-16	124232	99751	0.2009788138	43116	0.0101622624	766705	62.22617777	1705
2016-02-17	160283	122770	0.203646051	58340	0.01143469909	895687	61.10006997	1949
2016-02-18	143841	109616	0.2049137589	51154	0.009983734365	774256	62.3868699	1340
2016-02-19	140552	110103	0.213173772	53590	0.01347104831	807019	62.51948171	1462
2016-02-20	133001	94757	0.2106224765	48962	0.02586446077	912007	59.86763542	1949
2016-02-21	131296	91590	0.2328402998	50058	0.01643249494	840148	58.05023116	1827
2016-02-22	148835	112296	0.216857594	54199	0.01602288405	935757	58.82298778	1705
2016-02-23	165277	123866	0.2431856822	55417	0.01792090258	924552	65.56880785	2436
2016-02-24	152245	116802	0.2383986338	54077	0.00999548613	997995	56.09941349	1583
2016-02-25	137508	103161	0.2232088315	53468	0.01723454834	873398	63.02752081	2436
2016-02-26	218258	166495	0.1774551219	71494	0.01671343395	1634013	64.5470202	3654
2016-02-27	150905	109494	0.2163016467	54199	0.02434988491	1125759	60.64368509	3410
2016-02-28	182694	134950	0.2093336399	59802	0.01759192598	1350594	63.09566517	4019
2016-02-29	125206	93905	0.2373528425	43968	0.009325040627	767923	59.76540742	1218
2016-03-01	124232	92808	0.2568661858	44090	0.008091805208	699717	60.69507181	1096
2016-03-02	102309	78437	0.2392849114	42872	0.01804563522	652704	58.92473775	1583
2016-03-03	129347	98898	0.231640471	47135	0.009205790577	774378	63.97233469	1096
2016-03-04	115706	89155	0.2242148203	44821	0.01942526725	675602	60.16648544	2071
2016-03-05	137142	106450	0.2140336294	53712	0.007998053588	839782	62.20978498	974
2016-03-06	120700	86353	0.2472245236	45064	0.01682422689	658307	62.9247826	1218
2016-03-07	135802	103161	0.2367711816	52494	0.004107330362	750750	63.53183882	487
2016-03-08	111443	86110	0.2393420852	45308	0.0069591649	629319	58.29188769	853
2016-03-09	141770	109616	0.2388305001	52129	0.003306809494	745634	64.39973933	609
2016-03-10	114123	87571	0.2379888366	47622	0.01021814695	600819	57.31339997	853
2016-03-11	125450	98776	0.2757273814	49327	0.008262651043	646736	61.87937695	1096
2016-03-12	109738	84161	0.2719203922	46770	0.006988352745	596921	58.27061413	731
2016-03-13	117168	90007	0.2557182849	49084	0.01889256355	726147	55.27504615	1462
2016-03-14	122283	99142	0.2380461716	51520	0.009156626506	726147	57.63517143	1096
2016-03-15	113270	92199	0.2107530679	50180	0.00412782129	630415	62.62877366	609
2016-03-16	143232	118507	0.2321408624	57244	0.003880076965	726269	63.71815797	853
2016-03-17	104379	79411	0.250874218	44334	0.002979504436	567934	64.34604803	365
2016-03-18	118873	96341	0.2510242023	51276	0.006798316607	653069	62.22879026	731
2016-03-19	105597	82212	0.253747739	45430	0.003859699144	599236	56.62083714	609
2016-03-20	100482	78802	0.2157600366	43725	0.004652583743	572319	71.71574605	609
2016-03-21	117411	95853	0.2168025142	45795	0.001563902064	588761	61.16771848	244
2016-03-22	84405	66135	0.2207807594	33250	0.006698494442	583524	45.62720616	487
2016-03-23	115828	93661	0.2176675761	42507	0.008902160588	695089	53.39593252	853
2016-03-24	87206	69545	0.2388253102	35321	0.004816879506	741128	38.12031767	487
2016-03-25	115462	95001	0.2078086297	44577	0.01300434546	604229	62.61460449	1340
2016-03-26	82334	66988	0.2189374985	35443	0.0008503164292	456247	59.56588932	122
2016-03-27	83065	62238	0.218479504	31911	0.007130495882	493517	55.74343697	609
2016-03-28	111809	89155	0.220044898	45917	0.006049799085	627858	59.72200011	487
2016-03-29	92565	74295	0.1921028466	37757	0.004108590935	515318	65.09620504	365
2016-03-30	119238	93174	0.1838591724	44943	0.01181377304	673166	59.05845382	1462
2016-03-31	98533	74783	0.1878862919	38244	0.01602621035	627614	54.48658901	1340
2016-04-01	168078	139578	0.2159414082	62725	0.004755267689	824680	56.14056943	731
2016-04-02	120700	95975	0.1745733223	49936	0.001123585158	649050	59.42492006	244
2016-04-03	119116	93661	0.2075707713	52007	0.008678743949	632242	62.39306767	1218
2016-04-04	182694	151879	0.1813305308	69911	0.004708874682	777423	61.50939727	731
2016-04-05	51032	42020	0.2315018028	21192	0.00368262976	244322	59.39949395	244
2016-04-06	121552	97924	0.2164341187	47744	0.00933254513	612755	58.16108077	853
2016-04-07	112539	87693	0.2543296102	47744	0.01065374456	555876	58.66769981	974
2016-04-08	171610	141040	0.1930423635	68206	0.003505759805	751480	64.10177682	609
2016-04-09	120212	91225	0.2198615779	46404	0.003315496371	529447	67.44440743	487
2016-04-10	133123	105110	0.2406195774	58462	0.006150841532	602768	64.44771409	853
2016-04-11	159309	131418	0.201068364	64430	0.002853982923	725051	67.51750484	365
2016-04-12	122648	97193	0.2423031766	50667	0.003209056524	545158	58.38103272	365
2016-04-13	139822	115341	0.2404199625	59802	0.007200275115	624813	65.17376674	487
2016-04-14	109982	87693	0.2436307759	50302	0.005112317118	508498	61.49548613	244
2016-04-15	154072	127277	0.2047419388	60289	0.01320174939	679986	65.21368234	1705
2016-04-16	113027	87328	0.2101267839	47257	0.008284645584	560626	65.3798868	853
2016-04-17	109860	82090	0.2095303113	43847	0.007230889791	545280	60.55733583	1096
2016-04-18	128251	106206	0.2364659925	53712	0.001139563883	597409	66.3495589	244
2016-04-19	96097	76122	0.2268645223	41654	0.006765627279	463190	57.68875622	487
2016-04-20	117898	96584	0.2283075201	43725	0.004294006011	587909	62.98077931	731
2016-04-21	97071	78315	0.2446662752	40680	0.002608281159	523844	57.24639579	365
2016-04-22	135437	111078	0.2023376182	57975	0.003118955822	555267	68.83544394	365
2016-04-23	94879	75635	0.2053879151	42507	0.01401285402	449427	62.96949759	974
2016-04-24	104866	82212	0.2543531745	41289	0.006587607364	530664	65.6215621	609
2016-04-25	138604	117046	0.1889267265	57731	0.004748147777	610806	64.95845176	731
2016-04-26	102065	83552	0.1801890952	47500	0.01006180232	500459	62.99673978	853
2016-04-27	121187	100847	0.2070354081	48840	0.00689678603	581210	60.95720459	853
2016-04-28	99385	82699	0.2843185591	47622	0.004447732296	420196	71.78372797	365
2016-04-29	142745	121187	0.2133104487	61629	0.009452118578	668050	61.40058063	853
2016-04-30	98898	81603	0.2105907096	46526	0.01350396319	507036	60.65817715	731
2016-05-01	119360	91956	0.2	51032	0.01057861002	595338	65.7963437	609
2016-05-02	136777	114488	0.2359753467	60654	0.005349150122	644422	63.42223175	609
2016-05-03	107180	89642	0.2340921814	49449	0.007225699285	560992	58.29387441	609
2016-05-04	116680	93174	0.2567877957	48718	0.006207539765	549299	61.28834224	487
2016-05-05	103405	81116	0.2803249359	47622	0.0132428734	504844	65.42352157	365
2016-05-06	122648	99264	0.2452873263	55295	0.001570030435	498267	66.2904939	244
2016-05-07	90981	72103	0.2369505721	40071	0.01672742643	373670	60.98697958	853
2016-05-08	98898	76610	0.2450706789	42994	0.009032106606	499241	57.17372101	609
2016-05-09	125572	101091	0.2706096901	53956	0.00914218537	555145	62.81386198	609
2016-05-10	101334	84161	0.2548108236	47744	0.00840993846	509594	57.82864258	487
2016-05-11	136533	113027	0.2613727084	57488	0.003506428452	599114	76.67572011	365
2016-05-12	102430	85013	0.300829835	48475	0.0135505978	456613	63.71763047	731
2016-05-13	123136	105841	0.2967369413	60289	0.01856134654	568665	57.64690108	853
2016-05-14	92808	75879	0.2729721576	47500	0.01409820126	460510	59.66002976	974
2016-05-15	101091	80629	0.2530096646	48475	0.002959658697	550761	54.51217249	365
2016-05-16	126424	103039	0.2736031133	51641	0.005432751572	628345	64.71194696	609
2016-05-17	88789	72590	0.2359413891	40558	0.01149174961	489010	54.37467505	487
2016-05-18	116193	95488	0.233749021	47013	0.01177987269	492299	67.39614053	853
2016-05-19	103892	85013	0.2602606553	48231	0.003423357562	531761	55.02977252	365
2016-05-20	128007	105475	0.2730710039	60533	0.012894561	567569	60.02033441	1096
2016-05-21	109738	89764	0.2863456597	52007	0.01159234537	517267	56.48465394	731
2016-05-22	112539	92199	0.2597410675	55052	0.02214480922	576825	60.39635453	1096
2016-05-23	122283	99142	0.2589648602	54565	0.01043911638	553684	62.52764151	974
2016-05-24	93905	76122	0.3009104946	47257	0.004569723471	396202	62.00965917	244
2016-05-25	115219	93783	0.2547583298	52981	0.007035698466	566351	55.43078614	487
2016-05-26	97924	79533	0.2748764348	47988	0.004449097095	498023	58.08405511	487
2016-05-27	111200	91956	0.2639658273	52129	0.01855394356	569517	60.73324378	1218
2016-05-28	82578	68327	0.2492552496	39584	0.007824997591	455760	58.54380205	731
2016-05-29	102187	81603	0.2622153503	44577	0.007917934316	531273	54.31670252	487
2016-05-30	148226	123136	0.2276051435	61872	0.006477938914	706416	62.6798172	1096
2016-05-31	100238	79289	0.240587402	42020	0.01010747716	516293	66.6517019	974
2016-06-01	115706	95244	0.2421049902	49693	0.005517269153	607030	57.82004774	974
2016-06-02	101212	82456	0.2695530174	46891	0.007536582682	473420	63.6165638	731
2016-06-03	117655	99142	0.2494836599	49936	0.01206803673	565376	70.43770259	1218
2016-06-04	84039	69180	0.2144956508	42263	0.01085419612	500094	53.72440345	1096
2016-06-05	96706	76731	0.2506256075	42994	0.0184127318	512639	60.02124352	1218
2016-06-06	115584	95123	0.2465739203	47866	0.005746282742	583037	66.45974102	487
2016-06-07	90981	74052	0.2356096328	42020	0.01433714088	467696	60.61570569	609
2016-06-08	114853	94879	0.2269335585	48597	0.003984194068	492908	65.04525247	365
2016-06-09	104501	83674	0.2587439355	47135	0.01386051857	534562	59.47399633	1096
2016-06-10	119482	98167	0.2415928759	50667	0.01096308369	647710	59.20181266	1096
2016-06-11	92808	73686	0.2362188604	41776	0.00876183627	499972	61.68288883	853
2016-06-12	99142	76853	0.2371043554	41776	0.01384130231	544427	63.3282085	853
2016-06-13	121552	99751	0.2575194156	50180	0.008738346736	604960	57.33478195	731
2016-06-14	109129	87449	0.2410724922	45795	0.01046965377	645031	54.33175437	731
2016-06-15	109616	87206	0.2488870238	42263	0.01856039596	541870	58.682292	1462
2016-06-16	118873	92321	0.2295054386	42994	0.01101968253	688268	57.97148044	1096
2016-06-17	133366	104379	0.231963169	51885	0.01956442453	765730	62.91155424	1462
2016-06-18	108398	84405	0.2269691323	43238	0.01550535613	653800	59.72627641	974
2016-06-19	115584	88424	0.2307672342	42020	0.01711546414	725538	57.11220642	1583
2016-06-20	134097	106571	0.2633988829	51763	0.01123220917	792404	52.76429556	1218
2016-06-21	106693	80629	0.2260316984	38975	0.01759383378	551613	63.20393834	1340
2016-06-22	167591	135072	0.1925879075	64430	0.01527251607	989226	63.75014089	1705
2016-06-23	126546	101334	0.2001959762	52372	0.009086090115	751968	60.56358716	1096
2016-06-24	138482	112783	0.2102006037	53103	0.01371128658	749897	65.99325045	1583
2016-06-25	109616	85866	0.2122226682	43481	0.008593533429	623351	63.33554051	731
2016-06-26	120456	94026	0.1951500963	46770	0.01373106442	752820	58.9714728	1340
2016-06-27	172341	139822	0.1950551523	65404	0.009403442783	972662	62.21925848	1583
2016-06-28	165521	133245	0.2045601464	63577	0.01008221269	956950	58.72112794	1218
2016-06-29	165155	133366	0.2131270625	65892	0.01495137819	950860	58.56911877	2071
2016-06-30	143110	114853	0.1829781287	57000	0.01399733642	916514	57.03936894	2071
2016-07-01	172463	138725	0.1666676331	60289	0.01176861778	1077650	62.60058282	1462
2016-07-02	149931	118629	0.174653674	60289	0.00745060033	878635	60.99069072	1218
2016-07-03	152732	117655	0.1881989367	58827	0.008358702246	968521	56.90640369	974
2016-07-04	182328	142988	0.1736814971	68327	0.004753009979	1054387	56.80461596	1218
2016-07-05	161136	129956	0.1980376825	65526	0.007391097639	878635	63.91087147	1462
2016-07-06	184521	146642	0.172278494	69424	0.008483501053	1045983	58.21022805	1462
2016-07-07	165155	133245	0.1851049015	65648	0.01526252147	920411	61.80624064	1827
2016-07-08	151879	121674	0.2060982756	58340	0.009466429151	895321	59.72556153	1340
2016-07-09	124354	98046	0.20372485	47744	0.006644755345	682422	63.08737892	1096
2016-07-10	133123	102674	0.2067711815	46526	0.008051801243	806288	55.0097614	1462
2016-07-11	151270	119969	0.2085344087	58949	0.01101802824	822244	60.57769433	1340
2016-07-12	142745	112783	0.1928333742	56391	0.01576323661	816276	56.82428073	1340
2016-07-13	176482	143232	0.1863362836	68571	0.01512421087	951104	67.15845085	2192
2016-07-14	142988	111565	0.2120947212	52981	0.006627128788	860366	57.41584597	731
2016-07-15	134097	107302	0.2297888842	46526	0.007224952454	746852	61.40168765	1705
2016-07-16	103405	82334	0.2202601422	38975	0.01401988274	595947	60.71026835	1583
2016-07-17	116924	92078	0.2031233964	43481	0.006784494811	779859	49.41301415	1096
2016-07-18	160283	127520	0.2218825452	59193	0.01192881884	843314	60.66804116	1705
2016-07-19	120334	95975	0.2419017069	47135	0.005347781417	669634	59.22298456	974
2016-07-20	153219	122283	0.2154236746	56879	0.01172880193	883507	57.46363618	2192
2016-07-21	145059	111687	0.2292170772	52007	0.009757044358	857808	60.70847772	1462
2016-07-22	156020	120456	0.2248237405	53590	0.01157260776	998361	55.7428537	1949
2016-07-23	105962	85013	0.2517223155	42507	0.007327012579	659403	53.47721793	974
2016-07-24	253701	178918	0.1709059089	104623	0.009168048205	1434633	57.18947211	2314
2016-07-25	209732	153950	0.1835056167	87815	0.02293838117	1316248	53.7704754	3776
2016-07-26	204617	155777	0.19226164	77584	0.01296988906	1166317	59.46490455	2923
2016-07-27	163572	120334	0.2338052968	63212	0.0175517735	921020	56.51639735	2071
2016-07-28	168565	131296	0.2442203304	58827	0.008408583299	977046	58.70265412	1583
2016-07-29	128495	100360	0.2578154792	49327	0.01774801172	825045	53.18850421	2071
2016-07-30	152976	115706	0.2070063278	58706	0.01498631125	871936	57.55980878	2801
2016-07-31	136046	101456	0.2085912118	50302	0.009784695047	896417	56.38898582	1949
2016-08-01	158335	122770	0.2215366154	55661	0.0170223704	1016508	55.70709675	3045
2016-08-02	141770	107180	0.2122028638	50911	0.01095502521	981675	59.10547863	2436
2016-08-03	136899	104988	0.2277591509	44943	0.008685910579	888866	55.9316847	1462
2016-08-04	137142	104988	0.2113648627	50423	0.00885694737	968155	52.75651455	1949
2016-08-05	146033	114245	0.2143488116	51032	0.01333379208	864629	60.75411113	2071
2016-08-06	118142	89276	0.2546427181	39462	0.01688053049	726634	55.58431247	1705
2016-08-07	118142	88667	0.2185590222	40680	0.006738763195	745634	55.63602307	1340
2016-08-08	165155	129834	0.2750749296	58340	0.004154845511	959629	54.19675601	974
2016-08-09	127642	97071	0.2309192899	45308	0.01276684962	801295	52.66541518	1462
2016-08-10	140674	112539	0.2770590159	54199	0.01463967246	808237	57.15360321	1949
2016-08-11	154924	122283	0.2350636441	55052	0.01182747264	992636	52.41429579	1949
2016-08-12	130443	103892	0.244635588	42872	0.01056915357	859391	56.4690471	1583
2016-08-13	90007	72590	0.2665792661	35686	0.009266426542	581332	53.74085475	1218
2016-08-14	169053	127033	0.1865982857	59436	0.02050371581	1187997	56.86557566	3532
2016-08-15	159431	120578	0.2391128451	55417	0.01336077855	918341	57.78023587	1705
2016-08-16	113636	89398	0.281882502	42385	0.01080218301	696794	51.3627339	1218
2016-08-17	140187	112296	0.2519563155	50667	0.01022948308	822122	59.44102919	974
2016-08-18	109860	86840	0.263853996	41167	0.008239461463	621281	53.75200387	853
2016-08-19	166130	131783	0.1869499789	55661	0.01025167997	833936	66.59624882	1462
2016-08-20	102796	80629	0.2393381065	39340	0.007355503617	593755	58.57032092	974
2016-08-21	108764	82334	0.2743554853	41289	0.004676599238	625422	58.07445538	731
2016-08-22	135315	111078	0.243927133	51398	0.01548952278	768288	58.10717269	1949
2016-08-23	106693	83674	0.2694084898	39462	0.01190301648	564280	59.74348314	1462
2016-08-24	117411	93783	0.208506869	42750	0.009248359808	697281	57.70133442	1462
2016-08-25	102796	83796	0.2191914082	40680	0.00329392166	582062	55.30580816	487
2016-08-26	128373	103405	0.1992397155	46282	0.01035661446	840026	55.65360426	1705
2016-08-27	84283	68693	0.2369991576	33007	0.01243480554	655871	52.05174322	1583
2016-08-28	94148	72225	0.213451162	34834	0.01036304697	687416	52.64848664	853
2016-08-29	127277	100847	0.2363663506	46161	0.005861175923	765974	53.1022912	974
2016-08-30	95610	73686	0.2292960987	37148	0.01126082039	579139	54.38497095	1096
2016-08-31	126302	101212	0.2082944055	44699	0.00294389685	856712	54.40448797	853
2016-09-01	107546	86475	0.2763282688	46039	0.008837631204	620428	50.10379304	731
2016-09-02	98046	82578	0.2496889215	41776	0.00334907969	566229	53.69090921	487
2016-09-03	83065	70398	0.2932522723	39949	0.002756964167	436151	50.71634206	244
2016-09-04	102187	80142	0.2502960259	44821	0.0005405692815	664640	57.92518208	122
2016-09-05	97437	81603	0.274998204	44943	0.001294993047	592415	57.47548549	244
2016-09-06	108155	86353	0.2623826915	44212	0.006853512425	524940	59.82314649	609
2016-09-07	93539	75148	0.2747410171	44090	0.007633827004	508254	53.44807187	731
2016-09-08	122161	149565	0.2961092329	51763	0.005793930168	639428	56.87194255	853
2016-09-09	115828	200111	0.3280726595	51520	0.001860223329	575607	51.69168447	365
2016-09-10	105232	134341	0.318287213	43116	0.004262664078	513369	53.67957708	487
2016-09-11	94148	130200	0.2962463356	40436	0.007908933616	575607	51.70124544	853
2016-09-12	117046	143110	0.3152948413	49815	0.008050749458	529568	56.9067476	609
2016-09-13	103648	141161	0.3631039673	48475	0.005005717886	465869	57.81266158	609
2016-09-14	122527	147617	0.3250467244	56148	0.002139056237	531882	58.8245652	244
2016-09-15	110956	150418	0.3051569992	53956	0.009595253565	491446	55.67468701	853
2016-09-16	146155	174777	0.3366699737	67840	0.006502360745	595460	56.94942323	853
2016-09-17	100482	158456	0.3078760375	45186	0.004557214551	481337	57.51303829	487
2016-09-18	98655	82334	0.2740763266	44699	0.006331747146	496927	52.80585438	731
2016-09-19	119604	192194	0.2606936223	42872	0.003990588544	582306	60.6061349	244
2016-09-20	82821	132270	0.2661764528	32276	0.00264502337	429696	56.71763153	365
2016-09-21	124963	143841	0.1939534102	46161	0.007069324836	633947	54.48407286	853
2016-09-22	83796	145424	0.2209294	36173	0.0007924650861	446138	58.61762809	122
2016-09-23	102430	151636	0.2199746168	43481	0.00458947595	565498	56.31640153	731
2016-09-24	68936	119238	0.234986074	35808	0	323490	67.39361932	0
2016-09-25	81969	109129	0.2020763947	38122	0.006427624711	487549	54.34188907	731
2016-09-26	115341	138604	0.2397066091	49206	0.003914765504	590101	54.64837378	609
2016-09-27	88911	131174	0.2479445738	40314	0.009994736015	423119	63.73046847	731
2016-09-28	126059	148713	0.2289880135	47988	0.007603935315	568178	59.17062436	609
2016-09-29	99142	78437	0.2923786085	45430	0.002587918321	433959	60.31217309	244
2016-09-30	117898	222886	0.2572308266	51398	0.005396091988	553319	56.93555208	853
2016-10-01	94270	139091	0.2648562639	42507	0.006470041185	476953	53.17391815	609
2016-10-02	95366	130322	0.2503198205	41289	0.005816887386	462581	59.12409697	609
2016-10-03	134219	156873	0.2613415388	54321	0.006418701715	559774	58.25068244	609
2016-10-04	92443	154681	0.2002639464	40802	0.004405445681	434689	57.5686726	365
2016-10-05	146399	170027	0.2470850211	58097	0.004990187603	625665	55.32780981	853
2016-10-06	99264	166008	0.2564373791	42141	0.004855852265	462824	58.55513017	365
2016-10-07	125206	151514	0.2587575675	51398	0.003204397608	610075	51.69302728	487
2016-10-08	84648	140187	0.2215882242	32885	0.004208911281	417273	57.00537079	244
2016-10-09	93174	72834	0.2156824865	42020	0.0006534092431	506549	51.05212365	122
2016-10-10	140552	123257	0.22270761	55539	0.001795464517	651973	53.51629505	244
2016-10-11	87449	72590	0.1963773171	40436	0.006981114048	446016	59.89165292	365
2016-10-12	121430	96219	0.2196574158	45430	0.003031232895	609588	52.86017468	609
2016-10-13	92078	75270	0.220899672	40802	0.003894210479	490106	54.82141928	609
2016-10-14	148591	123623	0.1860677968	55174	0.01449965516	859391	50.93138775	1705
2016-10-15	87693	70642	0.2097202741	34225	0.008113590264	551126	52.22469087	731
2016-10-16	91225	75270	0.2122882982	44090	0.003641889199	606056	48.56489973	609
2016-10-17	163085	190489	0.2031333354	61507	0.001319022839	835398	48.71432136	244
2016-10-18	109129	188540	0.2075891834	44455	0.00570397873	578530	54.86570028	365
2016-10-19	146886	175751	0.2147583841	57000	0.002338299619	711166	54.29564018	244
2016-10-20	110469	171854	0.2260181589	45673	0.0140100462	670730	48.31017141	853
2016-10-21	125328	108398	0.2507260947	45795	0.001332903599	646980	52.69730255	244
2016-10-22	92443	150174	0.2608742685	38609	0.007017786459	534197	51.99773941	365
2016-10-23	95732	128738	0.2162808674	41289	0.002076801839	554293	56.68742354	365
2016-10-24	145911	177335	0.2462459993	56391	0.008706981474	802513	49.80517315	853
2016-10-25	97193	386336	0.2393485128	42750	0.002206784805	530543	49.41264435	365
2016-10-26	151270	170636	0.2592582799	58584	0.00795935706	739423	51.56794157	853
2016-10-27	94392	78193	0.2761250953	39462	0.01122604178	500703	58.91676611	853
2016-10-28	115950	95853	0.2184907288	44090	0.008641989904	589857	54.87699279	1218
2016-10-29	76244	59558	0.2140627459	30814	0.01018985754	457831	50.95381486	974
2016-10-30	81238	64308	0.2308894852	32763	0.0124025344	551248	47.92082202	1583
2016-10-31	112661	94270	0.2118923141	41776	0.01365502377	582671	55.86646674	1096
2016-11-01	94757	75513	0.2197937883	37879	0.01143833044	565742	54.13406522	1583
2016-11-02	111809	91225	0.2450965486	43238	0.005425367772	581332	56.32346136	609
2016-11-03	106815	463799	0.2873472827	44577	0.01726561762	573537	56.01739539	1340
2016-11-04	121430	148347	0.2156468747	51154	0.00860167143	600332	53.42686236	1096
2016-11-05	84283	70154	0.2384347971	36173	0.01403172601	508985	53.98252134	731
2016-11-06	93661	73686	0.2132691302	38975	0.01442008868	552466	51.24665703	1096
2016-11-07	150905	329458	0.2590769027	59071	0.009587902222	743929	51.55786249	731
2016-11-08	92808	164912	0.2047237307	38975	0.00763247143	492055	53.04211935	853
2016-11-09	113757	100238	0.2291199662	44943	0.005764689175	547107	61.25500573	853
2016-11-10	89398	93052	0.2670305823	38731	0.003076819327	718595	27.67777965	244
2016-11-11	115584	104135	0.2550093439	51154	0.01044602885	979604	28.20921057	974
2016-11-12	87206	88180	0.2541912254	40436	0.006816846229	900071	26.84377125	365
2016-11-13	81238	76731	0.2503754401	40558	0.003114089497	781442	27.05581285	487
2016-11-14	120456	109251	0.2588497045	51032	0.004768619157	1060476	28.68108531	487
2016-11-15	85988	83917	0.2365446341	37026	0.001954486106	717378	27.63854844	244
2016-11-16	106937	98533	0.2608171166	42263	0.006755757187	915661	28.17660402	487
2016-11-17	87206	81725	0.2667591679	37757	0.00897389534	830160	27.82707409	974
2016-11-18	106815	105232	0.3010251369	41045	0.001201769162	1002380	27.49162154	244
2016-11-19	77706	69911	0.257058657	33981	0.003962109482	813840	28.13675011	487
2016-11-20	91834	81481	0.233421173	41532	0.002992889583	925648	26.93111527	365
2016-11-21	131905	119238	0.2659262348	50667	0.0126749118	1192260	27.01399021	853
2016-11-22	102674	148469	0.2633480725	47379	0.01108380789	924552	27.71921227	244
2016-11-23	118020	108764	0.2156837824	48231	0.01188501114	1411248	25.7456458	1096
2016-11-24	289022	232386	0.2014310329	108277	0.01868895694	3367533	26.55633657	5115
2016-11-25	373670	429087	0.1857896004	155290	0.02440993184	5042957	27.77161803	12423
2016-11-26	190976	178431	0.2002555295	74417	0.01692278977	2510334	28.66780455	5115
2016-11-27	265515	220694	0.1807355517	106084	0.02725757218	3604670	26.33970215	9865
2016-11-28	355644	321419	0.1767132301	146642	0.02009136617	4702903	27.09419413	9013
2016-11-29	138604	144084	0.2996450319	52981	0.003686631297	1170945	28.62778503	731
2016-11-30	127033	118629	0.2866735415	49449	0.006410458837	1007617	26.41077948	853
2016-12-01	112783	107424	0.2634971583	46770	0.005932476961	931373	25.8819354	487
2016-12-02	133366	121796	0.2721458243	50423	0.007285396072	1148535	25.8788425	731
2016-12-03	101821	92930	0.2559786292	44699	0.01288704788	982283	26.17261285	1340
2016-12-04	109494	88424	0.2124591302	46770	0.01208501181	1021015	27.29093384	1096
2016-12-05	147617	137386	0.268153397	71129	0.007098569119	1091169	26.31801195	1218
2016-12-06	108642	104135	0.2914802747	50058	0.008770034515	976437	24.46162442	1340
2016-12-07	103770	98046	0.2981208442	45673	0.01348118354	893251	27.0130843	1705
2016-12-08	155411	139943	0.3205371563	67110	0.01271815132	1308818	24.20579561	1462
2016-12-09	128007	121187	0.3196934543	60289	0.01672416851	1024425	30.19604055	1218
2016-12-10	154315	134097	0.3046560607	70154	0.005192087878	1234035	26.78607971	853
2016-12-11	146886	130443	0.2694879022	67231	0.01296789969	1399921	26.79864499	2071
2016-12-12	160649	149200	0.2964350852	71494	0.004679501138	1190433	26.09338349	853
2016-12-13	127764	127398	0.265966939	61750	0.01345813916	1177035	27.17149072	1340
2016-12-14	154194	137264	0.2717226351	64430	0.008098259435	1216984	29.24038924	1583
2016-12-15	122283	115950	0.2918312439	54565	0.01048974072	1063156	29.72075423	1340
2016-12-16	145302	135681	0.2875115277	65039	0.006321582033	1356562	26.52549106	1462
2016-12-17	124719	110347	0.2480456065	54077	0.01710620403	1228798	27.1085235	2192
2016-12-18	128616	114488	0.3020852771	59071	0.02867769532	1291280	27.0178902	3167
2016-12-19	164546	149931	0.2723919147	75148	0.00790877603	1460454	28.60670046	1583
2016-12-20	124232	121552	0.2774486445	57975	0.003914765504	1216132	27.64581253	487
2016-12-21	143476	140918	0.2911706487	63821	0.02451226024	1307357	28.80547988	1705
2016-12-22	150661	147860	0.3031507822	66501	0.007133458308	1289940	28.01892312	853
2016-12-23	113757	110347	0.3029967387	49449	0.01179330625	1060355	27.79287955	1218
2016-12-24	109616	102674	0.3133301708	47622	0.007771607302	715916	28.63959432	244
2016-12-25	106815	89520	0.2394513879	43968	0.006277670974	1049637	27.90548166	487
2016-12-26	169540	150052	0.2169517518	68206	0.005648489486	1805380	25.72834106	1096
2016-12-27	200476	192072	0.2102047128	85501	0.007873840214	2327153	25.41678169	1583
2016-12-28	274528	238598	0.2036367875	90494	0.01335266162	3671901	26.12450012	4628
2016-12-29	173072	180867	0.2406744014	63699	0.01351339818	1955554	25.92193334	1949
2016-12-30	149931	150783	0.246139891	51154	0.006462955626	1590288	26.64787918	1340
2016-12-31	85013	87693	0.2951313329	26917	0.01391905107	845020	26.15308076	1340
2017-01-01	145668	117533	0.2408009995	44212	0.01030210173	1627801	25.13827076	1949
2017-01-02	181719	153097	0.2225193843	63577	0.006631530806	1931073	26.72222556	974
2017-01-03	167835	161136	0.2278666548	62238	0.008561978823	1866887	25.40761324	1583
2017-01-04	112905	104379	0.2459501351	39827	0.006477969586	1156330	27.12789208	609
2017-01-05	214726	188296	0.2552462208	77706	0.00450702885	2252371	26.87665865	1096
2017-01-06	236040	204495	0.2151711574	78193	0.008289867457	3066454	25.33192996	2923
2017-01-07	258451	237380	0.2134795377	84405	0.008337340065	3415643	25.00188897	2923
2017-01-08	197431	192925	0.2011082353	68206	0.005537421642	2763061	23.49360982	1340
2017-01-09	234092	234579	0.2195632486	87206	0.006342177668	2655758	26.19388193	1949
2017-01-10	166373	166617	0.2525650196	60533	0.004524578799	1895631	25.02561931	1096
2017-01-11	279765	262957	0.1798009043	99264	0.01112571319	3703203	24.96357264	3897
2017-01-12	183668	208880	0.2141908226	64186	0.008084802705	2328249	25.38687575	1705
2017-01-13	229463	219111	0.183123205	83308	0.01104518215	2781817	25.72557815	2680
2017-01-14	182207	203034	0.2118963596	73199	0.004768230715	2315704	23.92981303	1096
2017-01-15	195361	172585	0.225684758	70885	0.01050829447	2417648	25.63908793	2314
2017-01-16	218745	221912	0.2104688107	74295	0.007321708172	2241165	26.00801321	1462
2017-01-17	143963	174290	0.2368872558	50545	0.006209887398	1461550	25.47598693	1096
2017-01-18	193899	191098	0.1865558873	67110	0.008233865705	2234345	25.69232269	1705
2017-01-19	174533	194873	0.2149335656	68449	0.01083082943	1918528	26.43883659	2192
2017-01-20	171245	178675	0.1934538235	59558	0.004705707491	1852271	26.04686392	1218
2017-01-21	149444	152488	0.2363494018	54930	0.008872487686	1700635	26.57815021	1462
2017-01-22	144084	137873	0.2240082174	54199	0.008881305508	1579327	24.59234136	1218
2017-01-23	176239	172707	0.2577749533	63212	0.007757479668	1866156	26.3885147	1096
2017-01-24	125206	131540	0.2451400093	46526	0.01083714625	1377267	25.54887824	1218
2017-01-25	184521	165033	0.2409210876	57122	0.007981154945	1993067	26.86680585	1827
2017-01-26	141040	150540	0.2366137266	50545	0.01149873559	1466909	27.89946987	974
2017-01-27	164668	163328	0.2226358491	58097	0.006265883346	1810617	24.63605543	1096
2017-01-28	129347	127764	0.2128074095	47744	0.01409016207	1665071	24.86946217	2071
2017-01-29	129591	120334	0.2302629041	47988	0.01554798836	1409909	24.05183531	1705
2017-01-30	162110	174777	0.2231386096	55417	0.01283440424	1745822	26.18114334	1705
2017-01-31	120212	136290	0.2320151066	47013	0.01218732188	1352908	26.24328642	1583
2017-02-01	159553	148956	0.2175578021	50180	0.007870346751	1724386	27.0146279	1340
2017-02-02	143232	140187	0.2159852547	51520	0.01802709733	1804527	25.14824979	2558
2017-02-03	194995	178066	0.2048719198	61507	0.01222211373	2273563	25.59702974	1949
2017-02-04	123136	125693	0.2472794309	46526	0.00635345667	1596135	23.62842515	1096
2017-02-05	133488	120943	0.226275021	52494	0.01021695511	1607218	24.85686351	1340
2017-02-06	157969	145668	0.2151118257	56270	0.004894136897	1713911	25.77314481	731
2017-02-07	113514	115828	0.2542946245	43481	0.009472884953	1310036	25.22234161	1462
2017-02-08	181110	158700	0.2252884987	63699	0.01495452012	2352487	25.9155931	3045
2017-02-09	156751	156751	0.2657335519	51520	0.01272168616	1710014	28.67434547	2071
2017-02-10	137142	117168	0.2611016319	48840	0.01602980044	1391639	27.74744489	1583
2017-02-11	112661	110225	0.2410772139	37879	0.00582310703	1359729	26.33934364	853
2017-02-12	137629	126546	0.2336280871	47257	0.005026978393	1774200	24.81955004	1096
2017-02-13	161867	147738	0.2738915282	57366	0.003461027129	1727430	27.16890571	1096
2017-02-14	111930	116071	0.272036094	37879	0.01164235384	1240369	25.3930231	1462
2017-02-15	117898	107911	0.282023444	42629	0.01625215368	1369351	25.92121519	2071
2017-02-16	102917	150296	0.2461595266	39827	0.01264442897	1226971	25.86253899	1462
2017-02-17	176726	195361	0.2033090773	57488	0.01219410439	2282332	24.73749271	3045
2017-02-18	112174	108642	0.2573323587	41654	0.01665119559	1386402	26.17851079	2801
2017-02-19	186348	163815	0.2032702256	60411	0.01132570408	2697047	24.87427765	3167
2017-02-20	164424	158578	0.2688901863	59315	0.01541721423	1678225	26.25978778	2923
2017-02-21	139213	142745	0.2843412612	61507	0.007945470185	1373979	26.98391667	1340
2017-02-22	141040	175386	0.3022475893	54077	0.01042117324	1218811	25.56038923	1462
2017-02-23	116924	130200	0.3510399918	46161	0.00563826613	1023085	25.28345979	609
2017-02-24	139943	135437	0.3289839435	59802	0.002798064704	1327331	24.63778648	365
2017-02-25	114001	110225	0.2585503636	47866	0.003765066063	1256446	24.66722704	609
2017-02-26	110834	107789	0.2549488424	50423	0.005307288015	1277517	23.39548395	853
2017-02-27	138360	129591	0.2781656548	53834	0.009383400969	1296395	24.58112224	974
2017-02-28	127155	134828	0.2729896583	54077	0.009286662362	1327453	25.0586209	1583
2017-03-01	112539	139943	0.234851918	38366	0.006777932313	1160105	23.82462681	609
2017-03-02	112174	102674	0.250815697	42507	0.003438157502	1193356	26.11136962	365
2017-03-03	150296	134950	0.2974064513	55904	0.01169669696	1414902	24.94715294	2071
2017-03-04	128616	121309	0.3039746221	55539	0.004746336643	1423550	25.38964059	974
2017-03-05	116315	102309	0.2565447277	47257	0.008972937532	1362165	25.95494718	1340
2017-03-06	148104	137020	0.265624156	55174	0.00584667888	1582250	25.91890351	731
2017-03-07	110103	129104	0.3219076683	49327	0.00319369393	891667	27.83772414	365
2017-03-08	141892	134219	0.3133016661	58340	0.007728230248	1293837	30.28011039	1096
2017-03-09	103283	143597	0.3242934462	44943	0.002365291773	921264	26.44349183	244
2017-03-10	153097	146642	0.3317439271	69789	0.003060600732	1363383	25.34449898	365
2017-03-11	114975	117168	0.3273320287	55052	0.004743167696	1101643	23.75237973	731
2017-03-12	124354	110712	0.3036251347	58827	0.006254696857	1213696	24.96556307	487
2017-03-13	151270	149200	0.3301117208	70398	0.005767209296	1309427	26.84072896	609
2017-03-14	120700	126546	0.3693206297	57609	0.007810803876	1161811	26.63780189	974
2017-03-15	151636	131783	0.242567728	70154	0.01035619145	1301998	25.32280087	1462
2017-03-16	117046	153706	0.2226816807	110834	0.002301706416	1017482	25.02407736	244
2017-03-17	179283	251387	0.235052961	169905	0.006231769516	1710379	24.92287805	1096
2017-03-18	124719	177700	0.2490238055	123866	0.005697569604	1109317	25.29270787	731
2017-03-19	112539	158700	0.2597410675	110225	0.004554083245	1133189	24.73181382	365
2017-03-20	129956	175630	0.2464834252	109616	0.006581486914	1357536	24.12216369	731
2017-03-21	100969	149687	0.2460755281	99020	0.006127654437	966572	26.1747287	244
2017-03-22	125572	168931	0.255088714	98898	0.00422662227	1225388	22.6486602	365
2017-03-23	96219	146642	0.2556979391	91834	0.005854315304	922116	24.74430468	487
2017-03-24	134584	189514	0.2497770909	109738	0.007088011906	1342312	23.50024372	731
2017-03-25	87449	138360	0.2451257304	85257	0.005473650565	1006399	23.12882139	487
2017-03-26	87693	118629	0.2458349013	75757	0.006180393041	1003841	24.12670442	609
2017-03-27	111930	174533	0.309032431	102065	0.00501325309	1012732	22.43290755	244
2017-03-28	91469	125937	0.2423444008	70885	0.01445905943	970713	23.30152405	974
2017-03-29	111443	163572	0.2874294482	89276	0.006276111434	1093605	24.69204758	853
2017-03-30	94392	140552	0.2903212137	85622	0.0007253269917	846359	23.69231833	122
2017-03-31	111687	156264	0.2748126461	96462	0.006369659919	997386	23.28095098	731
2017-04-01	89764	131783	0.2265941803	78802	0.0042607286	1132214	25.51881884	609
2017-04-02	91347	131905	0.2453282538	82334	0.004603916638	1014316	24.11672673	487
2017-04-03	114732	164546	0.2632656975	92565	0.003066866929	1088002	23.35191057	365
2017-04-04	102917	146033	0.2792930225	94514	0.003145628394	1027226	23.05861525	365
2017-04-05	116802	175751	0.252350131	99994	0.00587582346	936001	28.66150141	365
2017-04-06	90738	129104	0.2510083978	76610	0.0007514443746	900558	26.57083752	122
2017-04-07	116437	185617	0.2437197798	102065	0.001723299481	1191529	24.76741618	244
2017-04-08	82578	115341	0.2654823319	66744	0.01048974072	882776	23.79639269	487
2017-04-09	75757	110591	0.2395554206	64552	0.00777084515	798006	25.0450371	365
2017-04-10	121674	160283	0.3293308349	92078	0.009119744112	950860	24.48024377	731
2017-04-11	14007	34468	0.3130577568	20827	0.004553088263	131661	30.50538018	122